-20.000000,0.000008,12.928860,
-19.900000,0.000009,12.922590,
-19.800000,0.000010,12.916120,
-19.700000,0.000010,12.909470,
-19.600000,0.000011,12.902620,
-19.500000,0.000011,12.895580,
-19.400000,0.000012,12.888340,
-19.300000,0.000013,12.880890,
-19.200000,0.000014,12.873240,
-19.100000,0.000015,12.865380,
-19.000000,0.000016,12.857300,
-18.900000,0.000017,12.849010,
-18.800000,0.000018,12.840490,
-18.700000,0.000019,12.831750,
-18.600000,0.000020,12.822780,
-18.500000,0.000021,12.813580,
-18.400000,0.000022,12.804140,
-18.300000,0.000024,12.794460,
-18.200000,0.000025,12.784530,
-18.100000,0.000027,12.774360,
-18.000000,0.000028,12.763930,
-17.900000,0.000030,12.753240,
-17.800000,0.000032,12.742290,
-17.700000,0.000034,12.731080,
-17.600000,0.000036,12.719590,
-17.500000,0.000038,12.707830,
-17.400000,0.000040,12.695790,
-17.300000,0.000043,12.683470,
-17.200000,0.000045,12.670860,
-17.100000,0.000048,12.657950,
-17.000000,0.000051,12.644750,
-16.900000,0.000054,12.631250,
-16.800000,0.000057,12.617440,
-16.700000,0.000060,12.603310,
-16.600000,0.000063,12.588880,
-16.500000,0.000067,12.574130,
-16.400000,0.000071,12.559040,
-16.300000,0.000075,12.543630,
-16.200000,0.000079,12.527870,
-16.100000,0.000083,12.511780,
-16.000000,0.000088,12.495350,
-15.900000,0.000093,12.478560,
-15.800000,0.000098,12.461420,
-15.700000,0.000103,12.443920,
-15.600000,0.000109,12.426050,
-15.500000,0.000115,12.407820,
-15.400000,0.000121,12.389210,
-15.300000,0.000128,12.370220,
-15.200000,0.000134,12.350840,
-15.100000,0.000142,12.331080,
-15.000000,0.000149,12.310920,
-14.900000,0.000157,12.290360,
-14.800000,0.000165,12.269400,
-14.700000,0.000174,12.248030,
-14.600000,0.000183,12.226240,
-14.500000,0.000192,12.204040,
-14.400000,0.000202,12.181410,
-14.300000,0.000212,12.158350,
-14.200000,0.000223,12.134860,
-14.100000,0.000235,12.110930,
-14.000000,0.000246,12.086560,
-13.900000,0.000259,12.061740,
-13.800000,0.000271,12.036470,
-13.700000,0.000285,12.010740,
-13.600000,0.000299,11.984560,
-13.500000,0.000314,11.957910,
-13.400000,0.000329,11.930790,
-13.300000,0.000345,11.903190,
-13.200000,0.000361,11.875120,
-13.100000,0.000379,11.846570,
-13.000000,0.000397,11.817530,
-12.900000,0.000416,11.788010,
-12.800000,0.000435,11.757990,
-12.700000,0.000455,11.727480,
-12.600000,0.000477,11.696470,
-12.500000,0.000499,11.664960,
-12.400000,0.000522,11.632940,
-12.300000,0.000545,11.600410,
-12.200000,0.000570,11.567380,
-12.100000,0.000596,11.533830,
-12.000000,0.000623,11.499770,
-11.900000,0.000651,11.465190,
-11.800000,0.000680,11.430090,
-11.700000,0.000710,11.394470,
-11.600000,0.000741,11.358330,
-11.500000,0.000773,11.321660,
-11.400000,0.000806,11.284470,
-11.300000,0.000841,11.246750,
-11.200000,0.000877,11.208510,
-11.100000,0.000914,11.169740,
-11.000000,0.000953,11.130440,
-10.900000,0.000993,11.090610,
-10.800000,0.001034,11.050260,
-10.700000,0.001077,11.009380,
-10.600000,0.001121,10.967980,
-10.500000,0.001167,10.926050,
-10.400000,0.001215,10.883600,
-10.300000,0.001264,10.840630,
-10.200000,0.001314,10.797140,
-10.100000,0.001367,10.753130,
-10.000000,0.001420,10.708610,
-9.900000,0.001476,10.663570,
-9.800000,0.001534,10.618030,
-9.700000,0.001593,10.571980,
-9.600000,0.001654,10.525430,
-9.500000,0.001717,10.478390,
-9.400000,0.001783,10.430850,
-9.300000,0.001850,10.382820,
-9.200000,0.001919,10.334310,
-9.100000,0.001990,10.285320,
-9.000000,0.002063,10.235860,
-8.900000,0.002139,10.185940,
-8.800000,0.002216,10.135550,
-8.700000,0.002296,10.084710,
-8.600000,0.002378,10.033430,
-8.500000,0.002462,9.981700,
-8.400000,0.002549,9.929543,
-8.300000,0.002638,9.876962,
-8.200000,0.002730,9.823966,
-8.100000,0.002824,9.770562,
-8.000000,0.002920,9.716760,
-7.900000,0.003019,9.662568,
-7.800000,0.003120,9.607997,
-7.700000,0.003225,9.553055,
-7.600000,0.003331,9.497753,
-7.500000,0.003441,9.442100,
-7.400000,0.003553,9.386108,
-7.300000,0.003667,9.329786,
-7.200000,0.003785,9.273147,
-7.100000,0.003905,9.216200,
-7.000000,0.004029,9.158957,
-6.900000,0.004155,9.101431,
-6.800000,0.004283,9.043632,
-6.700000,0.004415,8.985573,
-6.600000,0.004550,8.927267,
-6.500000,0.004688,8.868725,
-6.400000,0.004828,8.809960,
-6.300000,0.004972,8.750985,
-6.200000,0.005119,8.691814,
-6.100000,0.005268,8.632458,
-6.000000,0.005421,8.572931,
-5.900000,0.005577,8.513247,
-5.800000,0.005736,8.453419,
-5.700000,0.005898,8.393460,
-5.600000,0.006064,8.333384,
-5.500000,0.006232,8.273204,
-5.400000,0.006404,8.212935,
-5.300000,0.006578,8.152590,
-5.200000,0.006756,8.092182,
-5.100000,0.006937,8.031726,
-5.000000,0.007122,7.971235,
-4.900000,0.007309,7.910723,
-4.800000,0.007500,7.850203,
-4.700000,0.007694,7.789690,
-4.600000,0.007891,7.729197,
-4.500000,0.008092,7.668737,
-4.400000,0.008295,7.608323,
-4.300000,0.008502,7.547970,
-4.200000,0.008712,7.487690,
-4.100000,0.008926,7.427497,
-4.000000,0.009142,7.367404,
-3.900000,0.009362,7.307423,
-3.800000,0.009585,7.247566,
-3.700000,0.009811,7.187848,
-3.600000,0.010041,7.128280,
-3.500000,0.010273,7.068874,
-3.400000,0.010509,7.009642,
-3.300000,0.010748,6.950596,
-3.200000,0.010990,6.891747,
-3.100000,0.011235,6.833108,
-3.000000,0.011483,6.774689,
-2.900000,0.011735,6.716500,
-2.800000,0.011989,6.658553,
-2.700000,0.012247,6.600859,
-2.600000,0.012507,6.543426,
-2.500000,0.012771,6.486265,
-2.400000,0.013037,6.429386,
-2.300000,0.013307,6.372798,
-2.200000,0.013579,6.316510,
-2.100000,0.013855,6.260531,
-2.000000,0.014133,6.204869,
-1.900000,0.014414,6.149532,
-1.800000,0.014698,6.094529,
-1.700000,0.014985,6.039867,
-1.600000,0.015274,5.985553,
-1.500000,0.015567,5.931595,
-1.400000,0.015862,5.877998,
-1.300000,0.016160,5.824770,
-1.200000,0.016460,5.771916,
-1.100000,0.016763,5.719443,
-1.000000,0.017069,5.667356,
-0.900000,0.017377,5.615660,
-0.800000,0.017688,5.564360,
-0.700000,0.018001,5.513461,
-0.600000,0.018317,5.462967,
-0.500000,0.018635,5.412882,
-0.400000,0.018955,5.363210,
-0.300000,0.019278,5.313955,
-0.200000,0.019603,5.265119,
-0.100000,0.019931,5.216706,
0.000000,0.020261,5.168719,
0.100000,0.020593,5.121159,
0.200000,0.020927,5.074029,
0.300000,0.021263,5.027331,
0.400000,0.021601,4.981067,
0.500000,0.021942,4.935238,
0.600000,0.022284,4.889845,
0.700000,0.022629,4.844889,
0.800000,0.022975,4.800370,
0.900000,0.023324,4.756290,
1.000000,0.023674,4.712649,
1.100000,0.024026,4.669447,
1.200000,0.024380,4.626682,
1.300000,0.024735,4.584356,
1.400000,0.025093,4.542468,
1.500000,0.025452,4.501017,
1.600000,0.025813,4.460001,
1.700000,0.026175,4.419421,
1.800000,0.026539,4.379274,
1.900000,0.026904,4.339560,
2.000000,0.027271,4.300277,
2.100000,0.027640,4.261422,
2.200000,0.028010,4.222995,
2.300000,0.028381,4.184993,
2.400000,0.028754,4.147414,
2.500000,0.029128,4.110256,
2.600000,0.029503,4.073517,
2.700000,0.029879,4.037194,
2.800000,0.030257,4.001284,
2.900000,0.030636,3.965785,
3.000000,0.031016,3.930694,
3.100000,0.031398,3.896009,
3.200000,0.031780,3.861725,
3.300000,0.032163,3.827841,
3.400000,0.032548,3.794353,
3.500000,0.032933,3.761258,
3.600000,0.033320,3.728552,
3.700000,0.033707,3.696233,
3.800000,0.034095,3.664297,
3.900000,0.034485,3.632740,
4.000000,0.034875,3.601560,
4.100000,0.035265,3.570751,
4.200000,0.035657,3.540311,
4.300000,0.036049,3.510238,
4.400000,0.036442,3.480526,
4.500000,0.036836,3.451173,
4.600000,0.037230,3.422173,
4.700000,0.037625,3.393525,
4.800000,0.038021,3.365224,
4.900000,0.038417,3.337266,
5.000000,0.038814,3.309648,
5.100000,0.039211,3.282366,
5.200000,0.039609,3.255416,
5.300000,0.040008,3.228795,
5.400000,0.040406,3.202498,
5.500000,0.040806,3.176522,
5.600000,0.041205,3.150863,
5.700000,0.041605,3.125520,
5.800000,0.042006,3.100484,
5.900000,0.042406,3.075754,
6.000000,0.042807,3.051326,
6.100000,0.043209,3.027197,
6.200000,0.043610,3.003362,
6.300000,0.044012,2.979819,
6.400000,0.044414,2.956563,
6.500000,0.044817,2.933591,
6.600000,0.045219,2.910899,
6.700000,0.045622,2.888484,
6.800000,0.046025,2.866342,
6.900000,0.046428,2.844469,
7.000000,0.046831,2.822863,
7.100000,0.047234,2.801519,
7.200000,0.047637,2.780435,
7.300000,0.048041,2.759606,
7.400000,0.048444,2.739033,
7.500000,0.048847,2.718707,
7.600000,0.049251,2.698625,
7.700000,0.049654,2.678786,
7.800000,0.050058,2.659187,
7.900000,0.050461,2.639823,
8.000000,0.050864,2.620691,
8.100000,0.051268,2.601789,
8.200000,0.051671,2.583114,
8.300000,0.052074,2.564662,
8.400000,0.052477,2.546430,
8.500000,0.052880,2.528415,
8.600000,0.053282,2.510614,
8.700000,0.053685,2.493024,
8.800000,0.054087,2.475643,
8.900000,0.054490,2.458467,
9.000000,0.054892,2.441494,
9.100000,0.055293,2.424720,
9.200000,0.055695,2.408143,
9.300000,0.056096,2.391761,
9.400000,0.056498,2.375569,
9.500000,0.056898,2.359567,
9.600000,0.057299,2.343751,
9.700000,0.057700,2.328118,
9.800000,0.058100,2.312666,
9.900000,0.058500,2.297393,
10.000000,0.058899,2.282295,
10.100000,0.059298,2.267371,
10.200000,0.059697,2.252618,
10.300000,0.060096,2.238034,
10.400000,0.060494,2.223615,
10.500000,0.060892,2.209361,
10.600000,0.061290,2.195268,
10.700000,0.061687,2.181335,
10.800000,0.062084,2.167558,
10.900000,0.062480,2.153936,
11.000000,0.062876,2.140467,
11.100000,0.063272,2.127149,
11.200000,0.063668,2.113979,
11.300000,0.064062,2.100955,
11.400000,0.064457,2.088076,
11.500000,0.064851,2.075339,
11.600000,0.065245,2.062742,
11.700000,0.065638,2.050283,
11.800000,0.066031,2.037961,
11.900000,0.066423,2.025773,
12.000000,0.066815,2.013708,
12.100000,0.067207,2.001785,
12.200000,0.067598,1.989991,
12.300000,0.067989,1.978325,
12.400000,0.068379,1.966783,
12.500000,0.068768,1.955366,
12.600000,0.069158,1.944073,
12.700000,0.069546,1.932887,
12.800000,0.069934,1.921839,
12.900000,0.070322,1.910899,
13.000000,0.070709,1.900075,
13.100000,0.071096,1.889365,
13.200000,0.071483,1.878767,
13.300000,0.071868,1.868265,
13.400000,0.072254,1.857885,
13.500000,0.072638,1.847612,
13.600000,0.073022,1.837445,
13.700000,0.073406,1.827383,
13.800000,0.073789,1.817425,
13.900000,0.074172,1.807568,
14.000000,0.074554,1.797812,
14.100000,0.074936,1.788155,
14.200000,0.075317,1.778596,
14.300000,0.075697,1.769134,
14.400000,0.076077,1.759767,
14.500000,0.076457,1.750493,
14.600000,0.076836,1.741313,
14.700000,0.077214,1.732224,
14.800000,0.077592,1.723225,
14.900000,0.077969,1.714315,
15.000000,0.078346,1.705494,
15.100000,0.078722,1.696758,
15.200000,0.079098,1.688109,
15.300000,0.079473,1.679544,
15.400000,0.079847,1.671062,
15.500000,0.080221,1.662663,
15.600000,0.080594,1.654362,
15.700000,0.080967,1.646125,
15.800000,0.081339,1.637967,
15.900000,0.081711,1.629887,
16.000000,0.082082,1.621883,
16.100000,0.082453,1.613956,
16.200000,0.082823,1.606104,
16.300000,0.083192,1.598326,
16.400000,0.083561,1.590621,
16.500000,0.083929,1.582989,
16.600000,0.084297,1.575427,
16.700000,0.084664,1.567937,
16.800000,0.085030,1.560515,
16.900000,0.085396,1.553162,
17.000000,0.085762,1.545877,
17.100000,0.086126,1.538659,
17.200000,0.086490,1.531507,
17.300000,0.086854,1.524420,
17.400000,0.087217,1.517398,
17.500000,0.087580,1.510439,
17.600000,0.087941,1.503543,
17.700000,0.088303,1.496709,
17.800000,0.088663,1.489936,
17.900000,0.089024,1.483224,
18.000000,0.089383,1.476571,
18.100000,0.089742,1.469978,
18.200000,0.090100,1.463443,
18.300000,0.090458,1.456965,
18.400000,0.090815,1.450545,
18.500000,0.091172,1.444180,
18.600000,0.091528,1.437871,
18.700000,0.091883,1.431617,
18.800000,0.092238,1.425417,
18.900000,0.092593,1.419271,
19.000000,0.092946,1.413177,
19.100000,0.093299,1.407136,
19.200000,0.093652,1.401147,
19.300000,0.094004,1.395208,
19.400000,0.094355,1.389320,
19.500000,0.094706,1.383458,
19.600000,0.095056,1.377669,
19.700000,0.095406,1.371930,
19.800000,0.095755,1.366238,
19.900000,0.096103,1.360595,
20.000000,0.096451,1.354998,
20.100000,0.096799,1.349448,
20.200000,0.097145,1.343944,
20.300000,0.097492,1.338485,
20.400000,0.097837,1.333071,
20.500000,0.098182,1.327701,
20.600000,0.098527,1.322376,
20.700000,0.098870,1.317093,
20.800000,0.099214,1.311854,
20.900000,0.099556,1.306680,
21.000000,0.099899,1.301519,
21.100000,0.100240,1.296400,
21.200000,0.100581,1.291302,
21.300000,0.100921,1.286271,
21.400000,0.101261,1.281302,
21.500000,0.101601,1.276327,
21.600000,0.101939,1.271407,
21.700000,0.102277,1.266526,
21.800000,0.102615,1.261714,
21.900000,0.102952,1.256916,
22.000000,0.103288,1.252155,
22.100000,0.103624,1.247431,
22.200000,0.103960,1.242743,
22.300000,0.104294,1.238092,
22.400000,0.104628,1.233477,
22.500000,0.104962,1.228897,
22.600000,0.105295,1.224353,
22.700000,0.105628,1.219812,
22.800000,0.105960,1.215333,
22.900000,0.106291,1.210889,
23.000000,0.106622,1.206478,
23.100000,0.106952,1.202101,
23.200000,0.107282,1.197756,
23.300000,0.107611,1.193444,
23.400000,0.107939,1.189164,
23.500000,0.108268,1.184916,
23.600000,0.108595,1.180699,
23.700000,0.108922,1.176513,
23.800000,0.109248,1.172359,
23.900000,0.109574,1.168234,
24.000000,0.109900,1.164140,
24.100000,0.110224,1.160076,
24.200000,0.110548,1.156042,
24.300000,0.110872,1.152036,
24.400000,0.111195,1.148060,
24.500000,0.111518,1.144112,
24.600000,0.111840,1.140193,
24.700000,0.112161,1.136302,
24.800000,0.112482,1.132438,
24.900000,0.112803,1.128603,
25.000000,0.113123,1.124794,
25.100000,0.113442,1.121012,
25.200000,0.113761,1.117258,
25.300000,0.114079,1.113529,
25.400000,0.114397,1.109827,
25.500000,0.114714,1.106151,
25.600000,0.115031,1.102500,
25.700000,0.115347,1.098875,
25.800000,0.115663,1.095275,
25.900000,0.115978,1.091700,
26.000000,0.116292,1.088149,
26.100000,0.116607,1.084623,
26.200000,0.116920,1.081121,
26.300000,0.117233,1.077644,
26.400000,0.117546,1.074189,
26.500000,0.117858,1.070759,
26.600000,0.118169,1.067352,
26.700000,0.118480,1.063968,
26.800000,0.118790,1.060606,
26.900000,0.119100,1.057268,
27.000000,0.119410,1.053951,
27.100000,0.119719,1.050657,
27.200000,0.120027,1.047385,
27.300000,0.120335,1.044135,
27.400000,0.120642,1.040907,
27.500000,0.120949,1.037700,
27.600000,0.121256,1.034514,
27.700000,0.121562,1.031349,
27.800000,0.121867,1.028205,
27.900000,0.122172,1.025081,
28.000000,0.122476,1.021978,
28.100000,0.122780,1.018895,
28.200000,0.123083,1.015871,
28.300000,0.123386,1.012822,
28.400000,0.123689,1.009792,
28.500000,0.123990,1.006781,
28.600000,0.124292,1.003764,
28.700000,0.124593,1.000791,
28.800000,0.124893,0.997840,
28.900000,0.125193,0.994963,
29.000000,0.125492,0.992008,
29.100000,0.125791,0.989108,
29.200000,0.126090,0.986271,
29.300000,0.126388,0.983418,
29.400000,0.126685,0.980583,
29.500000,0.126982,0.977765,
29.600000,0.127278,0.974966,
29.700000,0.127575,0.972139,
29.800000,0.127870,0.969368,
29.900000,0.128165,0.966614,
30.000000,0.128460,0.963878,
30.100000,0.128754,0.961157,
30.200000,0.129047,0.958454,
30.300000,0.129340,0.955767,
30.400000,0.129633,0.953096,
30.500000,0.129925,0.950441,
30.600000,0.130217,0.947851,
30.700000,0.130508,0.945232,
30.800000,0.130799,0.942628,
30.900000,0.131089,0.940041,
31.000000,0.131379,0.937469,
31.100000,0.131669,0.934913,
31.200000,0.131958,0.932372,
31.300000,0.132246,0.929846,
31.400000,0.132534,0.927335,
31.500000,0.132822,0.924839,
31.600000,0.133109,0.922358,
31.700000,0.133396,0.919892,
31.800000,0.133682,0.917392,
31.900000,0.133967,0.914952,
32.000000,0.134253,0.912526,
32.100000,0.134538,0.910114,
32.200000,0.134822,0.907717,
32.300000,0.135106,0.905332,
32.400000,0.135389,0.902962,
32.500000,0.135672,0.900606,
32.600000,0.135955,0.898262,
32.700000,0.136237,0.895933,
32.800000,0.136519,0.893617,
32.900000,0.136800,0.891313,
33.000000,0.137081,0.889023,
33.100000,0.137361,0.886746,
33.200000,0.137641,0.884482,
33.300000,0.137920,0.882230,
33.400000,0.138199,0.879992,
33.500000,0.138478,0.877816,
33.600000,0.138756,0.875604,
33.700000,0.139034,0.873405,
33.800000,0.139311,0.871218,
33.900000,0.139588,0.869043,
34.000000,0.139865,0.866881,
34.100000,0.140141,0.864730,
34.200000,0.140416,0.862592,
34.300000,0.140691,0.860465,
34.400000,0.140966,0.858350,
34.500000,0.141240,0.856246,
34.600000,0.141514,0.854155,
34.700000,0.141787,0.852074,
34.800000,0.142060,0.850005,
34.900000,0.142333,0.847947,
35.000000,0.142605,0.845901,
35.100000,0.142877,0.843865,
35.200000,0.143148,0.841840,
35.300000,0.143419,0.839827,
35.400000,0.143690,0.837824,
35.500000,0.143960,0.835832,
35.600000,0.144229,0.833851,
35.700000,0.144499,0.831880,
35.800000,0.144767,0.829919,
35.900000,0.145036,0.827970,
36.000000,0.145304,0.825974,
36.100000,0.145571,0.824044,
36.200000,0.145839,0.822123,
36.300000,0.146105,0.820213,
36.400000,0.146372,0.818313,
36.500000,0.146638,0.816422,
36.600000,0.146903,0.814542,
36.700000,0.147169,0.812671,
36.800000,0.147433,0.810811,
36.900000,0.147698,0.808960,
37.000000,0.147962,0.807118,
37.100000,0.148225,0.805286,
37.200000,0.148488,0.803463,
37.300000,0.148751,0.801650,
37.400000,0.149013,0.799847,
37.500000,0.149275,0.798052,
37.600000,0.149537,0.796267,
37.700000,0.149798,0.794491,
37.800000,0.150059,0.792724,
37.900000,0.150319,0.790966,
38.000000,0.150579,0.789217,
38.100000,0.150839,0.787477,
38.200000,0.151098,0.785746,
38.300000,0.151357,0.784023,
38.400000,0.151616,0.782310,
38.500000,0.151874,0.780605,
38.600000,0.152131,0.778967,
38.700000,0.152389,0.777277,
38.800000,0.152646,0.775595,
38.900000,0.152902,0.773921,
39.000000,0.153158,0.772255,
39.100000,0.153414,0.770598,
39.200000,0.153669,0.768948,
39.300000,0.153924,0.767306,
39.400000,0.154179,0.765612,
39.500000,0.154433,0.763996,
39.600000,0.154687,0.762387,
39.700000,0.154941,0.760840,
39.800000,0.155194,0.759169,
39.900000,0.155447,0.757587,
40.000000,0.155699,0.756054,
40.100000,0.155951,0.754425,
40.200000,0.156203,0.752846,
40.300000,0.156454,0.751348,
40.400000,0.156705,0.749796,
40.500000,0.156956,0.748251,
40.600000,0.157206,0.746712,
40.700000,0.157456,0.745181,
40.800000,0.157705,0.743656,
40.900000,0.157954,0.742138,
41.000000,0.158203,0.740564,
41.100000,0.158451,0.739066,
41.200000,0.158699,0.737576,
41.300000,0.158947,0.736095,
41.400000,0.159194,0.734665,
41.500000,0.159441,0.733138,
41.600000,0.159688,0.731661,
41.700000,0.159934,0.730272,
41.800000,0.160180,0.728740,
41.900000,0.160425,0.727291,
42.000000,0.160671,0.725919,
42.100000,0.160915,0.724495,
42.200000,0.161160,0.723068,
42.300000,0.161404,0.721579,
42.400000,0.161648,0.720222,
42.500000,0.161891,0.718820,
42.600000,0.162134,0.717424,
42.700000,0.162377,0.716033,
42.800000,0.162619,0.714648,
42.900000,0.162861,0.713268,
43.000000,0.163103,0.711893,
43.100000,0.163344,0.710524,
43.200000,0.163585,0.709159,
43.300000,0.163826,0.707800,
43.400000,0.164066,0.706446,
43.500000,0.164306,0.705097,
43.600000,0.164546,0.703753,
43.700000,0.164785,0.702358,
43.800000,0.165024,0.701107,
43.900000,0.165263,0.699718,
44.000000,0.165501,0.698403,
44.100000,0.165739,0.697085,
44.200000,0.165977,0.695858,
44.300000,0.166214,0.694489,
44.400000,0.166451,0.693187,
44.500000,0.166687,0.691976,
44.600000,0.166924,0.690702,
44.700000,0.167160,0.689434,
44.800000,0.167395,0.688090,
44.900000,0.167630,0.686823,
45.000000,0.167866,0.685561,
45.100000,0.168100,0.684304,
45.200000,0.168334,0.683054,
45.300000,0.168568,0.681887,
45.400000,0.168802,0.680652,
45.500000,0.169035,0.679424,
45.600000,0.169268,0.678131,
45.700000,0.169501,0.676913,
45.800000,0.169733,0.675701,
45.900000,0.169965,0.674564,
46.000000,0.170197,0.673355,
46.100000,0.170429,0.672152,
46.200000,0.170660,0.670954,
46.300000,0.170890,0.669762,
46.400000,0.171121,0.668504,
46.500000,0.171351,0.667328,
46.600000,0.171581,0.666157,
46.700000,0.171810,0.664989,
46.800000,0.172039,0.663825,
46.900000,0.172268,0.662664,
47.000000,0.172497,0.661506,
47.100000,0.172725,0.660352,
47.200000,0.172953,0.659286,
47.300000,0.173180,0.658152,
47.400000,0.173408,0.656931,
47.500000,0.173635,0.655802,
47.600000,0.173861,0.654678,
47.700000,0.174088,0.653559,
47.800000,0.174314,0.652444,
47.900000,0.174539,0.651334,
48.000000,0.174765,0.650229,
48.100000,0.174990,0.649128,
48.200000,0.175215,0.648032,
48.300000,0.175439,0.647015,
48.400000,0.175664,0.645922,
48.500000,0.175888,0.644833,
48.600000,0.176111,0.643748,
48.700000,0.176335,0.642595,
48.800000,0.176558,0.641531,
48.900000,0.176780,0.640545,
49.000000,0.177003,0.639387,
49.100000,0.177225,0.638422,
49.200000,0.177447,0.637290,
49.300000,0.177668,0.636317,
49.400000,0.177889,0.635269,
49.500000,0.178110,0.634144,
49.600000,0.178331,0.633185,
49.700000,0.178551,0.632162,
49.800000,0.178771,0.631048,
49.900000,0.178991,0.630016,
50.000000,0.179211,0.629073,
50.100000,0.179430,0.628061,
50.200000,0.179649,0.627053,
50.300000,0.179867,0.626049,
50.400000,0.180086,0.624960,
50.500000,0.180304,0.623955,
50.600000,0.180521,0.622953,
50.700000,0.180739,0.621956,
50.800000,0.180956,0.620962,
50.900000,0.181173,0.620065,
51.000000,0.181389,0.619086,
51.100000,0.181606,0.618111,
51.200000,0.181822,0.617140,
51.300000,0.182037,0.616173,
51.400000,0.182253,0.615210,
51.500000,0.182468,0.614158,
51.600000,0.182683,0.613196,
51.700000,0.182897,0.612238,
51.800000,0.183112,0.611283,
51.900000,0.183326,0.610332,
52.000000,0.183539,0.609385,
52.100000,0.183753,0.608441,
52.200000,0.183966,0.607595,
52.300000,0.184179,0.606664,
52.400000,0.184392,0.605736,
52.500000,0.184604,0.604811,
52.600000,0.184816,0.603891,
52.700000,0.185028,0.602974,
52.800000,0.185240,0.602060,
52.900000,0.185451,0.601058,
53.000000,0.185662,0.600147,
53.100000,0.185872,0.599239,
53.200000,0.186083,0.598334,
53.300000,0.186293,0.597433,
53.400000,0.186503,0.596535,
53.500000,0.186713,0.595640,
53.600000,0.186922,0.594748,
53.700000,0.187131,0.593860,
53.800000,0.187340,0.593071,
53.900000,0.187548,0.592194,
54.000000,0.187757,0.591319,
54.100000,0.187965,0.590449,
54.200000,0.188172,0.589581,
54.300000,0.188380,0.588717,
54.400000,0.188587,0.587856,
54.500000,0.188794,0.586998,
54.600000,0.189001,0.586048,
54.700000,0.189207,0.585192,
54.800000,0.189414,0.584340,
54.900000,0.189619,0.583490,
55.000000,0.189825,0.582643,
55.100000,0.190030,0.581800,
55.200000,0.190236,0.580959,
55.300000,0.190440,0.580121,
55.400000,0.190645,0.579287,
55.500000,0.190849,0.578552,
55.600000,0.191053,0.577727,
55.700000,0.191257,0.576905,
55.800000,0.191461,0.576086,
55.900000,0.191664,0.575271,
56.000000,0.191867,0.574458,
56.100000,0.192070,0.573648,
56.200000,0.192273,0.572841,
56.300000,0.192475,0.572037,
56.400000,0.192677,0.571136,
56.500000,0.192879,0.570334,
56.600000,0.193080,0.569534,
56.700000,0.193282,0.568738,
56.800000,0.193483,0.567943,
56.900000,0.193683,0.567152,
57.000000,0.193884,0.566363,
57.100000,0.194084,0.565577,
57.200000,0.194284,0.564794,
57.300000,0.194484,0.564114,
57.400000,0.194684,0.563340,
57.500000,0.194883,0.562569,
57.600000,0.195082,0.561801,
57.700000,0.195281,0.561035,
57.800000,0.195479,0.560271,
57.900000,0.195678,0.559511,
58.000000,0.195876,0.558753,
58.100000,0.196073,0.557998,
58.200000,0.196271,0.557141,
58.300000,0.196468,0.556387,
58.400000,0.196665,0.555635,
58.500000,0.196862,0.554886,
58.600000,0.197059,0.554140,
58.700000,0.197255,0.553396,
58.800000,0.197451,0.552654,
58.900000,0.197647,0.551915,
59.000000,0.197843,0.551178,
59.100000,0.198038,0.550551,
59.200000,0.198233,0.549823,
59.300000,0.198428,0.549098,
59.400000,0.198623,0.548375,
59.500000,0.198817,0.547655,
59.600000,0.199012,0.546937,
59.700000,0.199206,0.546221,
59.800000,0.199399,0.545508,
59.900000,0.199593,0.544689,
60.000000,0.199786,0.543976,
60.100000,0.199979,0.543266,
60.200000,0.200172,0.542558,
60.300000,0.200364,0.541853,
60.400000,0.200557,0.541149,
60.500000,0.200749,0.540448,
60.600000,0.200941,0.539749,
60.700000,0.201132,0.539083,
60.800000,0.201324,0.538365,
60.900000,0.201515,0.537674,
61.000000,0.201706,0.537037,
61.100000,0.201897,0.536350,
61.200000,0.202087,0.535666,
61.300000,0.202277,0.534975,
61.400000,0.202467,0.534294,
61.500000,0.202657,0.533616,
61.600000,0.202847,0.532939,
61.700000,0.203036,0.532264,
61.800000,0.203225,0.531571,
61.900000,0.203414,0.530899,
62.000000,0.203602,0.530229,
62.100000,0.203791,0.529561,
62.200000,0.203979,0.529010,
62.300000,0.204167,0.528354,
62.400000,0.204355,0.527699,
62.500000,0.204542,0.527047,
62.600000,0.204730,0.526284,
62.700000,0.204917,0.525629,
62.800000,0.205104,0.524976,
62.900000,0.205290,0.524340,
63.000000,0.205477,0.523697,
63.100000,0.205663,0.523124,
63.200000,0.205849,0.522502,
63.300000,0.206035,0.521859,
63.400000,0.206220,0.521217,
63.500000,0.206406,0.520577,
63.600000,0.206591,0.519938,
63.700000,0.206776,0.519302,
63.800000,0.206960,0.518667,
63.900000,0.207145,0.518034,
64.000000,0.207329,0.517403,
64.100000,0.207513,0.516782,
64.200000,0.207697,0.516166,
64.300000,0.207880,0.515552,
64.400000,0.208064,0.514941,
64.500000,0.208247,0.514331,
64.600000,0.208430,0.513723,
64.700000,0.208613,0.513118,
64.800000,0.208795,0.512394,
64.900000,0.208977,0.511778,
65.000000,0.209159,0.511283,
65.100000,0.209341,0.510683,
65.200000,0.209523,0.510070,
65.300000,0.209704,0.509383,
65.400000,0.209886,0.508788,
65.500000,0.210067,0.508194,
65.600000,0.210248,0.507603,
65.700000,0.210428,0.507013,
65.800000,0.210609,0.506425,
65.900000,0.210789,0.505843,
66.000000,0.210969,0.505238,
66.100000,0.211149,0.504642,
66.200000,0.211328,0.504047,
66.300000,0.211507,0.503454,
66.400000,0.211687,0.502865,
66.500000,0.211866,0.502273,
66.600000,0.212044,0.501681,
66.700000,0.212223,0.501228,
66.800000,0.212401,0.500563,
66.900000,0.212579,0.499997,
67.000000,0.212757,0.499434,
67.100000,0.212935,0.498809,
67.200000,0.213113,0.498242,
67.300000,0.213290,0.497677,
67.400000,0.213467,0.497162,
67.500000,0.213644,0.496596,
67.600000,0.213821,0.496097,
67.700000,0.213997,0.495528,
67.800000,0.214173,0.494850,
67.900000,0.214350,0.494299,
68.000000,0.214526,0.493750,
68.100000,0.214701,0.493282,
68.200000,0.214877,0.492619,
68.300000,0.215052,0.492061,
68.400000,0.215227,0.491517,
68.500000,0.215402,0.491007,
68.600000,0.215577,0.490500,
68.700000,0.215751,0.489995,
68.800000,0.215926,0.489328,
68.900000,0.216100,0.488911,
69.000000,0.216274,0.488335,
69.100000,0.216447,0.487781,
69.200000,0.216621,0.487249,
69.300000,0.216794,0.486611,
69.400000,0.216967,0.486082,
69.500000,0.217140,0.485673,
69.600000,0.217313,0.485008,
69.700000,0.217486,0.484605,
69.800000,0.217658,0.483951,
69.900000,0.217830,0.483440,
70.000000,0.218002,0.482929,
70.100000,0.218174,0.482421,
70.200000,0.218346,0.481914,
70.300000,0.218517,0.481313,
70.400000,0.218688,0.480801,
70.500000,0.218859,0.480290,
70.600000,0.219030,0.479780,
70.700000,0.219201,0.479272,
70.800000,0.219371,0.478765,
70.900000,0.219542,0.478260,
71.000000,0.219712,0.477728,
71.100000,0.219881,0.477222,
71.200000,0.220051,0.476778,
71.300000,0.220221,0.476275,
71.400000,0.220390,0.475653,
71.500000,0.220559,0.475183,
71.600000,0.220728,0.474669,
71.700000,0.220897,0.474170,
71.800000,0.221065,0.473657,
71.900000,0.221234,0.473117,
72.000000,0.221402,0.472593,
72.100000,0.221570,0.472096,
72.200000,0.221738,0.471725,
72.300000,0.221906,0.471234,
72.400000,0.222073,0.470598,
72.500000,0.222240,0.470099,
72.600000,0.222407,0.469603,
72.700000,0.222574,0.469110,
72.800000,0.222741,0.468645,
72.900000,0.222908,0.468166,
73.000000,0.223074,0.467772,
73.100000,0.223240,0.467150,
73.200000,0.223406,0.466657,
73.300000,0.223572,0.466192,
73.400000,0.223738,0.465731,
73.500000,0.223903,0.465281,
73.600000,0.224068,0.464819,
73.700000,0.224233,0.464370,
73.800000,0.224398,0.463797,
73.900000,0.224563,0.463376,
74.000000,0.224728,0.462900,
74.100000,0.224892,0.462423,
74.200000,0.225056,0.461945,
74.300000,0.225220,0.461467,
74.400000,0.225384,0.460988,
74.500000,0.225548,0.460508,
74.600000,0.225711,0.460028,
74.700000,0.225875,0.459547,
74.800000,0.226038,0.459092,
74.900000,0.226201,0.458615,
75.000000,0.226363,0.458138,
75.100000,0.226526,0.457632,
75.200000,0.226688,0.457267,
75.300000,0.226851,0.456812,
75.400000,0.227013,0.456276,
75.500000,0.227175,0.455743,
75.600000,0.227336,0.455332,
75.700000,0.227498,0.454968,
75.800000,0.227659,0.454491,
75.900000,0.227821,0.453931,
76.000000,0.227982,0.453551,
76.100000,0.228143,0.453037,
76.200000,0.228303,0.452617,
76.300000,0.228464,0.452182,
76.400000,0.228624,0.451649,
76.500000,0.228784,0.451248,
76.600000,0.228944,0.450803,
76.700000,0.229104,0.450291,
76.800000,0.229264,0.449940,
76.900000,0.229424,0.449437,
77.000000,0.229583,0.449043,
77.100000,0.229742,0.448476,
77.200000,0.229901,0.448099,
77.300000,0.230060,0.447686,
77.400000,0.230218,0.447214,
77.500000,0.230377,0.446773,
77.600000,0.230535,0.446263,
77.700000,0.230693,0.445889,
77.800000,0.230851,0.445417,
77.900000,0.231009,0.444992,
78.000000,0.231167,0.444560,
78.100000,0.231324,0.444194,
78.200000,0.231482,0.443733,
78.300000,0.231639,0.443253,
78.400000,0.231796,0.442878,
78.500000,0.231953,0.442418,
78.600000,0.232109,0.441904,
78.700000,0.232266,0.441546,
78.800000,0.232422,0.441069,
78.900000,0.232579,0.440640,
79.000000,0.232735,0.440227,
79.100000,0.232890,0.439873,
79.200000,0.233046,0.439409,
79.300000,0.233202,0.439015,
79.400000,0.233357,0.438494,
79.500000,0.233512,0.438070,
79.600000,0.233667,0.437670,
79.700000,0.233822,0.437308,
79.800000,0.233977,0.436878,
79.900000,0.234131,0.436451,
80.000000,0.234286,0.436045,
80.100000,0.234440,0.435470,
80.200000,0.234594,0.435139,
80.300000,0.234748,0.434761,
80.400000,0.234902,0.434210,
80.500000,0.235055,0.433840,
80.600000,0.235209,0.433443,
80.700000,0.235362,0.432963,
80.800000,0.235515,0.432683,
80.900000,0.235668,0.432260,
81.000000,0.235821,0.431838,
81.100000,0.235974,0.431418,
81.200000,0.236126,0.430999,
81.300000,0.236279,0.430581,
81.400000,0.236431,0.430165,
81.500000,0.236583,0.429750,
81.600000,0.236735,0.429336,
81.700000,0.236886,0.428924,
81.800000,0.237038,0.428512,
81.900000,0.237189,0.428102,
82.000000,0.237341,0.427693,
82.100000,0.237492,0.427285,
82.200000,0.237643,0.426905,
82.300000,0.237793,0.426460,
82.400000,0.237944,0.426135,
82.500000,0.238094,0.425738,
82.600000,0.238245,0.425314,
82.700000,0.238395,0.424893,
82.800000,0.238545,0.424397,
82.900000,0.238695,0.424107,
83.000000,0.238844,0.423636,
83.100000,0.238994,0.423220,
83.200000,0.239143,0.422806,
83.300000,0.239293,0.422394,
83.400000,0.239442,0.422148,
83.500000,0.239591,0.421673,
83.600000,0.239739,0.421279,
83.700000,0.239888,0.420916,
83.800000,0.240037,0.420526,
83.900000,0.240185,0.420137,
84.000000,0.240333,0.419748,
84.100000,0.240481,0.419361,
84.200000,0.240629,0.418973,
84.300000,0.240777,0.418587,
84.400000,0.240924,0.418202,
84.500000,0.241072,0.417816,
84.600000,0.241219,0.417432,
84.700000,0.241366,0.416919,
84.800000,0.241513,0.416531,
84.900000,0.241660,0.416229,
85.000000,0.241807,0.415841,
85.100000,0.241953,0.415454,
85.200000,0.242100,0.415067,
85.300000,0.242246,0.414680,
85.400000,0.242392,0.414294,
85.500000,0.242538,0.413909,
85.600000,0.242684,0.413467,
85.700000,0.242830,0.413087,
85.800000,0.242975,0.412739,
85.900000,0.243121,0.412355,
86.000000,0.243266,0.411972,
86.100000,0.243411,0.411589,
86.200000,0.243556,0.411206,
86.300000,0.243701,0.410817,
86.400000,0.243845,0.410407,
86.500000,0.243990,0.410116,
86.600000,0.244134,0.409706,
86.700000,0.244279,0.409297,
86.800000,0.244423,0.408890,
86.900000,0.244567,0.408485,
87.000000,0.244710,0.408253,
87.100000,0.244854,0.407851,
87.200000,0.244998,0.407451,
87.300000,0.245141,0.407053,
87.400000,0.245284,0.406642,
87.500000,0.245427,0.406402,
87.600000,0.245570,0.405885,
87.700000,0.245713,0.405562,
87.800000,0.245856,0.405214,
87.900000,0.245998,0.404866,
88.000000,0.246141,0.404518,
88.100000,0.246283,0.404170,
88.200000,0.246425,0.403784,
88.300000,0.246567,0.403396,
88.400000,0.246709,0.402998,
88.500000,0.246851,0.402612,
88.600000,0.246992,0.402228,
88.700000,0.247134,0.401853,
88.800000,0.247275,0.401443,
88.900000,0.247416,0.401227,
89.000000,0.247557,0.400842,
89.100000,0.247698,0.400459,
89.200000,0.247839,0.400076,
89.300000,0.247979,0.399695,
89.400000,0.248120,0.399314,
89.500000,0.248260,0.398935,
89.600000,0.248400,0.398556,
89.700000,0.248540,0.398179,
89.800000,0.248680,0.397865,
89.900000,0.248820,0.397567,
90.000000,0.248960,0.397193,
90.100000,0.249099,0.396819,
90.200000,0.249239,0.396439,
90.300000,0.249378,0.396124,
90.400000,0.249517,0.395752,
90.500000,0.249656,0.395381,
90.600000,0.249795,0.395068,
90.700000,0.249933,0.394628,
90.800000,0.250072,0.394352,
90.900000,0.250210,0.393979,
91.000000,0.250349,0.393611,
91.100000,0.250487,0.393244,
91.200000,0.250625,0.392937,
91.300000,0.250763,0.392632,
91.400000,0.250901,0.392265,
91.500000,0.251038,0.391899,
91.600000,0.251176,0.391534,
91.700000,0.251313,0.391168,
91.800000,0.251450,0.390804,
91.900000,0.251587,0.390439,
92.000000,0.251724,0.390076,
92.100000,0.251861,0.389712,
92.200000,0.251998,0.389459,
92.300000,0.252134,0.388970,
92.400000,0.252271,0.388686,
92.500000,0.252407,0.388359,
92.600000,0.252543,0.387995,
92.700000,0.252679,0.387584,
92.800000,0.252815,0.387254,
92.900000,0.252951,0.386924,
93.000000,0.253087,0.386656,
93.100000,0.253222,0.386273,
93.200000,0.253358,0.385945,
93.300000,0.253493,0.385617,
93.400000,0.253628,0.385291,
93.500000,0.253763,0.384964,
93.600000,0.253898,0.384487,
93.700000,0.254033,0.384220,
93.800000,0.254167,0.383871,
93.900000,0.254302,0.383481,
94.000000,0.254436,0.383159,
94.100000,0.254571,0.382837,
94.200000,0.254705,0.382523,
94.300000,0.254839,0.382166,
94.400000,0.254973,0.381808,
94.500000,0.255106,0.381451,
94.600000,0.255240,0.381094,
94.700000,0.255373,0.380840,
94.800000,0.255507,0.380546,
94.900000,0.255640,0.380189,
95.000000,0.255773,0.379833,
95.100000,0.255906,0.379477,
95.200000,0.256039,0.379118,
95.300000,0.256172,0.378761,
95.400000,0.256304,0.378405,
95.500000,0.256437,0.378149,
95.600000,0.256569,0.377742,
95.700000,0.256702,0.377536,
95.800000,0.256834,0.377128,
95.900000,0.256966,0.376822,
96.000000,0.257098,0.376512,
96.100000,0.257229,0.376206,
96.200000,0.257361,0.375900,
96.300000,0.257493,0.375501,
96.400000,0.257624,0.375245,
96.500000,0.257755,0.374890,
96.600000,0.257886,0.374486,
96.700000,0.258017,0.374178,
96.800000,0.258148,0.373823,
96.900000,0.258279,0.373489,
97.000000,0.258410,0.373170,
97.100000,0.258540,0.372960,
97.200000,0.258671,0.372605,
97.300000,0.258801,0.372249,
97.400000,0.258931,0.371894,
97.500000,0.259061,0.371539,
97.600000,0.259191,0.371306,
97.700000,0.259321,0.370911,
97.800000,0.259450,0.370588,
97.900000,0.259580,0.370360,
98.000000,0.259709,0.369929,
98.100000,0.259839,0.369685,
98.200000,0.259968,0.369301,
98.300000,0.260097,0.368920,
98.400000,0.260226,0.368653,
98.500000,0.260355,0.368316,
98.600000,0.260484,0.367995,
98.700000,0.260612,0.367623,
98.800000,0.260741,0.367417,
98.900000,0.260869,0.367102,
99.000000,0.260997,0.366796,
99.100000,0.261126,0.366430,
99.200000,0.261254,0.366066,
99.300000,0.261382,0.365813,
99.400000,0.261509,0.365424,
99.500000,0.261637,0.365204,
99.600000,0.261765,0.364856,
99.700000,0.261892,0.364473,
99.800000,0.262019,0.364254,
99.900000,0.262147,0.363957,
100.00000,0.2622737,0.3636596,
